1
50
55
206
161
253
121
174
178
33
223
70
31
153
252
214
141
130
188
13
63
203
51
231
89
149
194
159
243
191
213
67
265
254
259
170
88
157
244
12
25
192
208
54
95
210
207
8
146
163
246
60
148
147
78
131
41
64
91
93
143
235
53
258
239
162
127
185
176
92
233
262
182
164
228
118
151
134
249
129
257
240
11
198
4
71
116
52
57
125
155
56
30
137
43
166
113
48
187
115
37
167
132
128
222
77
105
106
248
236
61
241
100
183
107
108
209
6
75
263
251
255
19
234
230
36
47
104
142
65
186
97
260
81
160
117
101
250
14
173
144
84
264
45
3
184
40
221
110
112
66
76
140
10
114
227
58
111
44
136
138
218
22
200
256
28
49
220
133
202
90
18
62
15
177
94
82
69
261
237
211
193
34
123
109
242
27
238
180
245
139
216
171
204
99
232
226
169
124
172
175
120
225
74
229
168
35
219
145
102
199
247
189
190
150
46
96
68
21
16
158
181
122
5
32
42
85
156
2
80
165
224
152
73
197
154
196
87
217
212
59
135
98
72
126
26
29
38
39
119
7
17
86
179
83
24
23
20
79
215
9
205
201
195