220
163
166
24
89
59
198
247
202
76
5
187
176
209
41
40
122
203
99
224
13
125
151
12
136
148
135
184
116
193
37
145
219
260
168
214
109
58
229
73
245
128
75
236
262
124
112
23
138
230
17
79
44
118
259
60
54
21
139
7
4
173
45
216
88
98
96
18
194
134
32
177
2
170
261
77
117
33
238
85
26
241
81
100
141
111
227
200
178
20
213
149
164
186
80
150
199
215
137
226
22
107
61
161
225
71
93
191
153
175
51
179
171
182
14
235
258
201
142
231
207
144
249
183
82
27
30
233
31
160
114
65
105
265
39
234
95
190
197
239
232
78
205
264
251
143
123
206
55
211
246
156
157
162
131
242
196
217
188
97
94
19
102
189
223
218
243
256
257
53
35
63
147
83
10
192
250
62
146
64
52
92
181
255
244
263
155
195
72
86
91
185
3
221
172
70
48
121
38
119
67
11
28
101
6
43
158
56
9
167
66
253
47
248
127
240
169
133
254
46
115
36
34
208
16
126
106
132
68
50
174
120
25
210
1
228
15
140
104
90
152
57
42
87
237
69
222
204
113
252
129
130
8
180
165
154
84
29
74
49
159
212
108